addr com   num  reg0    reg1     reg2    reg3
(01) (04) (14) (07 D8) (00 00) (00 00) (00 00) 

                reg4    reg5     reg6    reg7
               (00 00) (00 02) (00 00) (01 F4) 

                reg8     reg9   chk sum
               (00 00) (00 00) (93 E1)

01 04 14 07 DB 00 00 00 00 00 00 00 00 00 02 00 00 01 F3 00 00 00 00 62 65
01 04 14 07 DB 00 00 00 00 00 00 00 00 00 02 00 00 01 F4 00 00 00 00 D7 A5
01 04 14 07 DD 00 00 00 00 00 00 00 00 00 02 00 00 01 F3 00 00 00 00 EA ED
01 04 14 07 E1 00 00 00 00 00 00 00 00 00 02 00 00 01 F3 00 00 00 00 B6 B8
01 04 14 07 DB 00 00 00 00 00 00 00 00 00 02 00 00 01 F4 00 00 00 00 D7 A5
01 04 14 07 D4 00 00 00 00 00 00 00 00 00 02 00 00 01 F4 00 00 00 00 80 B0
01 04 14 07 D4 00 00 00 00 00 00 00 00 00 02 00 00 01 F4 00 00 00 00 80 B0
01 04 14 07 95 00 00 00 00 00 00 00 00 00 02 00 00 01 F4 00 00 00 00 A8 83
01 04 14 07 AA 00 00 00 00 00 00 00 00 00 02 00 00 01 F4 00 00 00 00 B0 92
01 04 14 07 72 00 00 00 00 00 00 00 00 00 02 00 00 01 F4 00 00 00 00 AA 21
01 04 14 07 93 00 00 00 00 00 00 00 00 00 02 00 00 01 F3 00 00 00 00 95 CB
01 04 14 07 B7 00 00 00 00 00 00 00 00 00 02 00 00 01 F4 00 00 00 00 5A FC
01 04 14 07 B4 00 00 00 00 00 00 00 00 00 02 00 00 01 F4 00 00 00 00 1E B8
01 04 14 07 BB 00 00 00 00 00 00 00 00 00 02 00 00 01 F4 00 00 00 00 49 AD
01 04 14 07 AC 00 00 00 00 00 00 00 00 00 02 00 00 01 F4 00 00 00 00 38 1A
01 04 14 07 B1 00 00 00 00 00 00 00 00 00 02 00 00 01 F4 00 00 00 00 D2 74
01 04 14 07 AC 00 00 00 00 00 00 00 00 00 02 00 00 01 F4 00 00 00 00 38 1A
01 04 14 07 B0 00 00 00 00 00 00 00 00 00 02 00 00 01 F4 00 00 00 00 EF 88
01 04 14 07 B3 00 00 00 00 00 00 00 00 00 02 00 00 01 F4 00 00 00 00 AB CC
01 04 14 07 85 00 00 00 00 00 00 00 00 00 02 00 00 01 F4 00 00 00 00 6C 40
01 04 14 07 A0 00 00 00 00 00 00 00 00 00 02 00 00 01 F4 00 00 00 00 2B 4B
01 04 14 07 A8 00 00 00 00 00 00 00 00 00 02 00 00 01 F4 00 00 00 00 C9 2A
01 04 14 07 9A 00 00 00 00 00 00 00 00 00 02 00 00 01 F4 00 00 00 00 FF 96
01 04 14 07 9C 00 00 00 00 00 00 00 00 00 02 00 00 01 F4 00 00 00 00 77 1E
01 04 14 07 A8 00 00 00 00 00 00 00 00 00 02 00 00 01 F4 00 00 00 00 C9 2A
01 04 14 07 9C 00 00 00 00 00 00 00 00 00 02 00 00 01 F4 00 00 00 00 77 1E
01 04 14 07 A6 00 00 00 00 00 00 00 00 00 02 00 00 01 F4 00 00 00 00 A3 C3
01 04 14 07 A4 00 00 00 00 00 00 00 00 00 02 00 00 01 F4 00 00 00 00 DA 7B
01 04 14 07 A0 00 00 00 00 00 00 00 00 00 02 00 00 01 F4 00 00 00 00 2B 4B
01 04 14 07 99 00 00 00 00 00 00 00 00 00 02 00 00 01 F4 00 00 00 00 BB D2
01 04 14 07 A4 00 00 00 00 00 00 00 00 00 02 00 00 01 F4 00 00 00 00 DA 7B

