000039-Rx:00 00 00 00 00 03 01 83 02
000040-Tx:00 52 00 00 00 06 01 03 00 00 00 0A
000041-Rx:00 00 00 00 00 03 01 83 02
000042-Tx:00 53 00 00 00 06 01 03 00 00 00 0A
000043-Rx:00 00 00 00 00 03 01 83 02
000044-Tx:00 54 00 00 00 06 01 03 00 00 00 0A
000045-Rx:00 00 00 00 00 03 01 83 02
000046-Tx:00 55 00 00 00 06 01 03 00 00 00 0A
000047-Rx:00 00 00 00 00 03 01 83 02
000048-Tx:00 56 00 00 00 06 01 03 00 00 00 0A
000049-Rx:00 00 00 00 00 03 01 83 02
000050-Tx:00 57 00 00 00 06 01 03 00 00 00 0A
000051-Rx:00 00 00 00 00 03 01 83 02
000052-Tx:00 58 00 00 00 06 01 03 00 00 00 0A
000053-Rx:00 00 00 00 00 03 01 83 02
000054-Tx:00 59 00 00 00 06 01 03 00 00 00 0A
000055-Rx:00 00 00 00 00 03 01 83 02
000056-Tx:00 5A 00 00 00 06 01 03 00 00 00 0A
000057-Rx:00 00 00 00 00 03 01 83 02
000058-Tx:00 5B 00 00 00 06 01 03 00 00 00 0A
000059-Rx:00 00 00 00 00 03 01 83 02
000060-Tx:00 5C 00 00 00 06 01 03 00 00 00 0A
000061-Rx:00 00 00 00 00 03 01 83 02
000062-Tx:00 5D 00 00 00 06 01 03 00 00 00 0A
000063-Rx:00 00 00 00 00 03 01 83 02
000064-Tx:00 5E 00 00 00 06 01 03 00 00 00 0A
000065-Rx:00 00 00 00 00 03 01 83 02
000066-Tx:00 5F 00 00 00 06 01 03 00 00 00 0A
000067-Rx:00 00 00 00 00 03 01 83 02
000068-Tx:00 60 00 00 00 06 01 03 00 00 00 0A
000069-Rx:00 00 00 00 00 03 01 83 02
000070-Tx:00 61 00 00 00 06 01 03 00 00 00 0A
000071-Rx:00 00 00 00 00 03 01 83 02
000072-Tx:00 62 00 00 00 06 01 03 00 00 00 0A
000073-Rx:00 00 00 00 00 03 01 83 02
000074-Tx:00 63 00 00 00 06 01 03 00 00 00 0A
000075-Rx:00 00 00 00 00 03 01 83 02
000076-Tx:00 64 00 00 00 06 01 04 00 00 00 0A
000077-Rx:00 00 00 00 00 17 01 04 14 07 CE 00 00 00 00 00 00 00 00 00 02 00 00 01 F4 00 00 00 00
000078-Tx:00 65 00 00 00 06 01 03 00 00 00 0A
000079-Rx:00 00 00 00 00 03 01 83 02
000080-Tx:00 66 00 00 00 06 01 04 00 00 00 0A
000081-Rx:00 00 00 00 00 17 01 04 14 07 D9 00 00 00 00 00 00 00 00 00 02 00 00 01 F4 00 00 00 00
000082-Tx:00 67 00 00 00 06 01 03 00 00 00 0A
000083-Rx:00 00 00 00 00 03 01 83 02
000084-Tx:00 68 00 00 00 06 01 04 00 00 00 0A
000085-Rx:00 00 00 00 00 17 01 04 14 07 E4 00 00 00 00 00 00 00 00 00 02 00 00 01 F4 00 00 00 00
000086-Tx:00 69 00 00 00 06 01 03 00 00 00 0A
000087-Rx:00 00 00 00 00 03 01 83 02
000088-Tx:00 6A 00 00 00 06 01 04 00 00 00 0A
000089-Rx:00 00 00 00 00 17 01 04 14 07 E3 00 00 00 00 00 00 00 00 00 02 00 00 01 F4 00 00 00 00
000090-Tx:00 6B 00 00 00 06 01 03 00 00 00 0A
000091-Rx:00 00 00 00 00 03 01 83 02
000092-Tx:00 6C 00 00 00 06 01 04 00 00 00 0A
000093-Rx:00 00 00 00 00 17 01 04 14 07 E1 00 00 00 00 00 00 00 00 00 02 00 00 01 F4 00 00 00 00
000094-Tx:00 6D 00 00 00 06 01 03 00 00 00 0A
000095-Rx:00 00 00 00 00 03 01 83 02
000096-Tx:00 6E 00 00 00 06 01 04 00 00 00 0A
000097-Rx:00 00 00 00 00 17 01 04 14 07 DD 00 00 00 00 00 00 00 00 00 02 00 00 01 F4 00 00 00 00
000098-Tx:00 6F 00 00 00 06 01 03 00 00 00 0A
000099-Rx:00 00 00 00 00 03 01 83 02
000100-Tx:00 70 00 00 00 06 01 04 00 00 00 0A
000101-Rx:00 00 00 00 00 17 01 04 14 07 DA 00 00 00 00 00 00 00 00 00 02 00 00 01 F4 00 00 00 00
000102-Tx:00 71 00 00 00 06 01 03 00 00 00 0A
000103-Rx:00 00 00 00 00 03 01 83 02
000104-Tx:00 72 00 00 00 06 01 04 00 00 00 0A
000105-Rx:00 00 00 00 00 17 01 04 14 07 D5 00 00 00 00 00 00 00 00 00 02 00 00 01 F4 00 00 00 00
000106-Tx:00 73 00 00 00 06 01 03 00 00 00 0A
000107-Rx:00 00 00 00 00 03 01 83 02
000108-Tx:00 74 00 00 00 06 01 04 00 00 00 0A
000109-Rx:00 00 00 00 00 17 01 04 14 07 D8 00 00 00 00 00 00 00 00 00 02 00 00 01 F4 00 00 00 00
000110-Tx:00 75 00 00 00 06 01 03 00 00 00 0A
000111-Rx:00 00 00 00 00 03 01 83 02
000112-Tx:00 76 00 00 00 06 01 04 00 00 00 0A
000113-Rx:00 00 00 00 00 17 01 04 14 07 DA 00 00 00 00 00 00 00 00 00 02 00 00 01 F4 00 00 00 00
000114-Tx:00 77 00 00 00 06 01 03 00 00 00 0A
000115-Rx:00 00 00 00 00 03 01 83 02
000116-Tx:00 78 00 00 00 06 01 04 00 00 00 0A
000117-Rx:00 00 00 00 00 17 01 04 14 07 D9 00 00 00 00 00 00 00 00 00 02 00 00 01 F4 00 00 00 00
000118-Tx:00 79 00 00 00 06 01 03 00 00 00 0A
000119-Rx:00 00 00 00 00 03 01 83 02
000120-Tx:00 7A 00 00 00 06 01 04 00 00 00 0A
000121-Rx:00 00 00 00 00 17 01 04 14 07 D9 00 00 00 00 00 00 00 00 00 02 00 00 01 F4 00 00 00 00
000122-Tx:00 7B 00 00 00 06 01 03 00 00 00 0A
000123-Rx:00 00 00 00 00 03 01 83 02
000124-Tx:00 7C 00 00 00 06 01 04 00 00 00 0A
000125-Rx:00 00 00 00 00 17 01 04 14 07 E5 00 00 00 00 00 00 00 00 00 02 00 00 01 F4 00 00 00 00
000126-Tx:00 7D 00 00 00 06 01 03 00 00 00 0A
000127-Rx:00 00 00 00 00 03 01 83 02
000128-Tx:00 7E 00 00 00 06 01 04 00 00 00 0A
000129-Rx:00 00 00 00 00 17 01 04 14 07 E2 00 00 00 00 00 00 00 00 00 02 00 00 01 F4 00 00 00 00
000130-Tx:00 7F 00 00 00 06 01 03 00 00 00 0A
000131-Rx:00 00 00 00 00 03 01 83 02
000132-Tx:00 80 00 00 00 06 01 04 00 00 00 0A
000133-Rx:00 00 00 00 00 17 01 04 14 07 E3 00 00 00 00 00 00 00 00 00 02 00 00 01 F4 00 00 00 00
000134-Tx:00 81 00 00 00 06 01 03 00 00 00 0A
000135-Rx:00 00 00 00 00 03 01 83 02
000136-Tx:00 82 00 00 00 06 01 04 00 00 00 0A
000137-Rx:00 00 00 00 00 17 01 04 14 07 E3 00 00 00 00 00 00 00 00 00 02 00 00 01 F4 00 00 00 00
000138-Tx:00 83 00 00 00 06 01 03 00 00 00 0A


